x <- c(127, 110, 119, 95, 121, 
       113, 95, 112, 105)